2 595 506 -53.1301
4 319 567 186.7329
5 1030 220 20.2249
6 1331 379 213.8550
7 203 263 -81.8699
8 1286 447 102.6804
9 1263 174 323.1301
11 665 683 143.1301
12 719 286 311.8117
13 689 800 168.1113
14 1315 506 172.8750
16 801 542 180.0000
18 548 280 133.6028
19 889 186 220.2363
20 599 235 101.3099
21 1523 333 239.0362
22 634 713 90.0000
23 1002 281 -0.0000
24 272 282 -90.0000
25 439 490 22.6199
27 888 437 58.1092
29 1439 179 262.8750
30 1515 624 -16.2602
31 453 310 56.3099
32 404 264 -6.3402
33 1039 420 22.6199
34 736 238 33.9063
35 950 454 216.8699
36 1068 379 300.9637
37 42 649 41.6335
38 678 788 126.8699
40 1449 -31 -2.7263
41 1324 156 -108.9246
42 1276 423 33.6901
43 714 548 75.9638
44 1300 710 171.2026
45 220 461 34.9920
46 984 520 163.7398
47 763 636 157.3801
49 1115 757 94.1750
50 606 175 121.8908
51 49 418 126.8699
52 712 236 239.0989
53 1444 548 18.9246
54 1122 304 133.6028
55 69 219 22.6199
56 66 625 90.0000
57 710 268 -0.0000
58 496 172 143.1301
59 943 388 206.5650
61 1542 65 36.8699
62 1674 -63 -63.4349
63 1729 511 233.1301
64 1299 197 196.2602
65 1580 562 -85.2281
66 1170 572 272.5682
67 91 581 116.5650
68 443 567 -26.5651
70 224 132 251.5650
71 622 459 174.4996
72 1628 240 120.9638
74 1748 342 233.1301
75 115 194 77.9052
76 98 316 -73.7398
77 741 533 -0.0000
79 1483 479 37.8750
80 544 812 172.8750
81 790 275 180.0000
82 527 232 -94.9503
83 1050 383 138.1798
87 1526 371 297.8973
88 355 562 79.6111
89 1333 67 233.1301
90 907 360 100.3889
91 1214 377 -0.0000
92 692 402 161.5650
95 1123 158 191.3099
96 1086 308 286.2602
97 830 169 99.4623
98 1157 214 119.1975
102 1362 687 36.8699
103 1563 550 186.7344
107 1578 531 75.9638
108 137 669 270.0000
111 1329 246 83.3532
112 249 494 26.5651
113 22 309 101.8887
115 191 416 64.4400
116 1178 668 165.9637
121 730 691 64.8769
124 407 602 184.5423
126 402 88 11.3099
127 800 822 126.8699
129 944 677 -101.3099
132 207 151 -22.6199
133 941 210 -67.3801
137 1680 467 172.8750
139 1547 810 150.9454
142 884 374 67.3801
143 1319 602 -22.6199
145 1241 213 81.8699
146 275 214 -0.0000
148 323 244 104.9816
150 489 573 247.3801
151 123 71 274.6987
154 265 647 180.0000
159 269 60 58.1092
160 336 804 136.3972
163 1242 582 11.3099
165 1434 737 131.2173
167 158 506 188.9726
168 1204 496 -106.6070
172 926 179 112.6199
173 92 -11 -8.1981
175 395 391 26.5651
176 374 292 292.6198
180 538 684 -11.3099
181 368 731 138.1798
183 999 780 190.1880
191 -12 212 61.5044
199 1053 68 -84.2894
202 658 278 270.0000
205 1304 568 -0.0000
210 261 340 -56.3099
213 1441 366 104.3972
214 1607 685 157.3801
217 774 363 209.0546
221 1068 154 280.4915
222 1109 192 131.8202
231 269 566 8.1301
233 1369 681 106.2060
235 246 621 112.6199
241 34 407 -45.0000
247 4 605 106.2602
259 175 779 171.3531
262 209 221 -60.9454
266 421 457 22.1603
287 941 220 57.0948
289 1376 709 -0.0000
291 1569 408 -47.1211
294 1336 137 208.0725
