2 595 506 -306.8699
4 319 568 173.4215
5 1029 225 -22.6199
6 1327 341 126.8699
7 204 264 82.3719
8 1286 446 257.3196
9 1263 174 36.8699
11 665 683 216.8699
12 715 286 46.3972
13 688 801 -167.3196
14 1315 506 187.2169
16 801 542 -180.0000
18 548 280 226.3972
19 879 163 126.8699
20 597 234 -99.5273
21 1522 333 120.5102
22 634 713 -90.0000
23 1004 278 1.6139
24 270 279 87.4539
25 440 489 -21.7711
27 888 437 -58.1092
29 1430 173 -270.0000
30 1515 624 16.2602
31 454 305 -53.1301
32 403 264 6.0256
33 1039 420 -22.6199
34 736 235 -31.8908
35 951 449 140.6924
36 1067 379 -301.2845
37 41 652 -43.6028
38 678 788 -126.8699
40 1447 -27 0.0000
41 1325 158 110.3510
42 1276 424 326.0184
43 715 549 283.1639
44 1300 709 188.7974
45 220 459 -33.3985
46 984 520 196.2602
47 763 636 202.6199
49 1116 757 -94.2422
50 606 175 238.1092
51 49 418 -126.8699
52 712 235 120.5102
53 1444 550 -20.2493
54 1122 304 226.3972
55 69 219 -22.6199
56 72 629 265.7578
57 705 271 -3.2732
58 496 173 216.8699
59 943 387 153.4029
61 1542 69 -38.8801
62 1673 -63 63.0085
63 1729 511 126.8699
64 1299 197 -196.2602
65 1580 562 85.2281
66 1173 574 90.0000
67 88 579 245.3611
68 441 567 25.0576
70 224 131 107.9453
72 1629 241 238.4977
74 1748 340 125.1848
75 114 193 -77.3196
76 98 316 73.7398
77 741 533 0.0000
79 1482 477 -36.8699
80 544 811 187.1527
81 790 275 -180.0000
82 526 231 94.2422
83 1046 383 223.6028
86 803 593 -35.3002
87 1526 371 61.9275
88 355 562 -79.6111
89 1332 67 126.8699
90 903 358 -97.6281
91 1211 381 -3.0963
92 691 404 -159.3903
95 1124 157 167.3196
96 1089 309 75.7500
97 830 170 -99.5273
98 1155 214 241.9275
99 691 218 0.0000
102 1362 690 -38.5801
103 1559 556 -180.0000
105 265 281 233.1301
108 137 669 90.0000
111 1328 245 -82.1096
112 248 496 -28.0725
113 23 310 -102.6804
115 191 419 294.1895
116 1181 667 192.6804
117 328 225 292.6199
121 730 689 -63.5190
122 216 67 -33.3985
124 404 607 180.0000
126 402 87 -10.3889
127 800 822 -126.8699
129 944 675 -259.6111
131 1702 686 -270.0000
132 204 151 20.9830
133 941 210 67.3801
135 1052 543 59.4898
136 799 70 157.3801
137 1686 461 -180.0000
138 1631 521 262.8473
139 1549 810 208.0725
141 487 36 126.8699
142 884 374 -67.3801
143 1319 602 22.6199
145 1247 221 -90.0000
146 275 214 0.0000
148 324 244 253.7398
149 527 505 61.9275
150 489 574 112.6199
151 129 75 -270.0000
152 498 116 280.3889
154 265 647 180.0000
155 846 537 -36.8699
159 269 63 -60.5129
160 338 803 222.0750
162 -18 770 -90.0000
163 1248 572 0.0000
165 1428 737 -126.8699
166 1668 355 -126.8699
167 156 507 172.3719
168 1204 496 106.2602
171 1676 -36 58.1092
172 926 179 247.3801
173 93 -11 8.7974
175 396 387 336.7327
176 374 292 67.3801
178 -34 296 0.0000
180 527 690 0.0000
182 466 691 -270.0000
184 1080 762 -202.6199
191 -11 214 295.9892
196 1396 49 -32.7791
199 1054 69 84.5474
202 658 278 90.0000
205 1304 568 0.0000
209 209 732 -90.0000
214 1603 687 -151.9275
217 774 362 149.4898
219 1541 283 36.8699
221 1068 154 79.6111
222 1111 192 226.3972
226 1433 144 -157.3801
230 1522 250 173.2671
231 274 559 0.0000
233 1374 683 247.3801
235 246 621 -112.6199
241 26 409 36.8699
247 4 605 253.7398
257 1002 195 194.2500
259 179 773 180.0000
262 200 221 53.1301
264 540 -19 0.0000
266 420 457 -22.6199
268 1491 677 -180.0000
270 1381 41 -67.3801
280 1229 51 -233.1301
289 1376 709 0.0000
293 334 781 -90.0000
294 1336 137 151.9275
300 1616 603 -180.0000
320 245 771 -180.0000
